11.9665
2.6774
2.2000
5.5217
1.7680
4.0953
2.5422
2.5422
2.9512
11.9665
3.0000
4.0953
5.0000
4.3352
3.9979
2.0000
1.4000
4.8666
6.3640
6.5511
2.1030
6.5511
1.8028
2.6774
9.0177
0.4066
4.3333
5.1031
4.0000
3.4998
3.0000
6.0414
1.0633
1.7680
1.3106
4.3333
1.9614
9.0177
-0.0387
1.7680
2.6000
1.0633
3.5887
4.2352
5.0000
3.5887
2.9512
9.0177
2.3953
0.6640
0.0000
1.8028
6.5511
1.3106
1.4330
3.1331
4.0000
7.1671
3.8371
5.9710
9.0177
5.0000
2.2000
6.5511
0.5840
6.3640
4.3352
6.5511
31.6449
0.0000
6.0000
0.0000
2.3953
4.0953
7.7363
3.5887
3.6667
1.8028
2.8709
5.9710
1.4330
0.0000
3.0000
0.0000
3.3692
-1.4511
2.6774
3.4998
4.6794
4.5665
9.0177
1.3333
4.4163
3.0000
6.5983
2.1030
1.6667
0.0000
2.2000
-1.0858
0.4118
5.5217
-0.1429
3.0000
5.9710
2.7972
6.2500
11.9665
2.9044
5.5217
5.1031
11.9665
4.8666
5.4986
4.2352
3.9979
3.2868
9.0177
5.5217
2.7221
2.3953
0.0000
7.2581
8.2999
