0.0000
0.0000
0.0000
0.0000
9.0177
0.0000
0.0000
11.9665
6.7835
0.0000
0.0000
0.0000
9.0177
0.0000
9.0177
0.0000
4.6794
0.0000
9.0177
0.0000
0.0000
6.5511
0.0000
5.1031
0.0000
2.4995
9.0177
5.0000
0.0000
6.5511
0.0000
6.0414
8.1555
18.9537
0.0000
5.1031
0.0000
0.0000
10.0610
0.0000
11.9665
1.7135
0.0000
0.0000
0.0000
11.9665
10.0610
0.0000
9.0177
16.7158
0.0000
5.0000
0.0000
0.0000
4.3352
0.0000
0.0000
6.3640
9.0177
5.1031
5.1031
0.0000
0.0000
5.0000
6.5511
11.9665
5.5217
9.0177
0.0000
0.0000
6.5511
0.0000
2.1030
5.5217
8.6890
6.5511
5.9710
6.8945
3.1585
0.0000
1.9614
0.0000
6.5511
31.6449
13.2247
13.2247
15.2947
2.4995
11.9665
0.0000
0.0000
7.2581
0.0000
0.0000
2.9512
3.3692
0.0000
5.9710
0.0000
0.7487
4.0001
5.0000
10.0610
0.0000
4.2352
11.9665
3.1820
6.5511
0.0000
10.0610
7.2581
6.5511
7.2581
3.7390
6.3640
6.0414
27.1489
11.9665
5.1031
6.3640
27.1489
5.1031
9.0177
0.0000
