0.6667
1.6667
2.2000
2.2547
-0.2500
4.0953
0.5046
1.5181
0.9014
4.0000
5.1031
4.0953
3.2632
3.4293
3.1331
1.5181
-1.9350
5.0000
4.5665
5.0000
-0.2500
2.8607
1.8028
0.8954
4.6907
-0.8910
4.6907
4.0953
3.6667
3.1331
2.2218
3.1331
0.3333
0.2661
1.0000
3.1331
0.5840
1.9614
0.4496
1.7680
1.7680
-0.8174
0.5046
4.2352
3.1331
3.5887
-0.3025
3.4998
0.2356
-0.9772
3.0000
-0.0335
9.0177
-0.4436
1.8028
2.8293
4.0000
1.6934
3.8371
4.3333
2.5000
4.2352
2.2000
5.0000
-1.9350
6.3640
2.8076
5.1031
-0.2560
3.0000
5.0000
3.3674
1.7782
2.5422
1.3503
2.5422
3.6667
-1.2142
-0.7088
3.5887
0.2727
-2.3551
5.5217
1.3503
2.1573
-1.5736
-0.0335
3.4998
2.6000
3.9307
5.1031
-0.3124
-0.5000
3.0000
1.0000
1.4154
1.5181
5.9710
1.8028
-2.2436
-0.7744
3.9979
0.3208
3.0000
3.6667
0.9924
6.2500
5.5217
1.4330
5.5217
5.1031
0.9359
3.0000
2.4995
4.0953
3.9307
1.7782
5.5217
4.0000
6.2529
1.7782
4.6907
4.3333
0.5629
