1.8000
4.0000
0.0000
8.2999
18.9537
9.0177
3.5000
3.5887
7.3065
5.0000
4.8666
15.2947
4.4922
15.2947
0.0000
4.0953
1.3570
6.5511
6.5511
3.1820
2.8293
7.2581
9.0177
5.0000
5.0000
1.0633
11.9665
5.9710
6.5511
5.0000
3.3674
6.0414
1.7135
3.0000
0.0000
3.5000
1.3333
3.0000
2.8076
6.5511
6.8945
0.3333
3.5887
3.0000
5.1031
4.5665
-0.0387
4.0000
5.7185
1.9614
3.0000
5.1031
6.5511
6.0414
2.8607
0.0000
0.0000
2.5422
9.0177
6.5511
5.1031
7.2581
5.9710
5.0000
2.6774
11.9665
10.0610
4.8666
0.2661
3.0000
5.0000
0.0000
1.3503
3.9979
7.1671
3.2632
4.0000
2.7221
0.9555
5.0000
5.3387
-0.8174
3.0000
0.5629
4.6907
2.2000
0.8954
3.0000
4.0953
5.1883
9.0177
4.0953
1.3333
3.0000
2.5422
3.8516
4.0953
5.9710
3.1331
-2.3693
0.0355
11.9665
1.6846
0.0000
4.2352
6.3640
3.7390
9.0177
6.0414
5.5217
7.2581
1.0633
3.4998
0.0000
11.9665
6.5983
7.7363
9.0177
4.6907
5.3387
6.7835
4.6907
9.0177
2.5271
