0.6667
1.6667
2.6774
2.2547
0.2356
5.5217
0.5046
1.0451
2.2547
4.0000
5.1031
2.8293
3.5887
4.3333
3.5000
2.1206
-1.9350
5.0000
4.5665
5.0000
-0.2500
2.8607
1.3333
1.7680
5.0000
-1.1097
4.0000
6.0000
5.1031
3.5000
2.2218
3.1331
0.6936
0.2661
1.0000
6.0414
6.0414
1.9614
0.2727
1.7680
1.7680
-0.6017
0.5046
4.2352
3.1331
3.0000
-0.5000
4.3333
0.2356
0.7474
3.0000
0.7143
9.0177
-0.8910
1.8028
2.8293
4.0000
1.5181
3.8371
4.2352
2.5000
4.2352
2.6774
5.0000
-0.5140
6.3640
2.8607
0.0000
0.2356
3.0000
5.0000
3.3674
1.8028
2.5422
1.7680
3.5000
5.9710
-1.2142
-0.1239
3.5887
0.7101
-2.3551
2.9044
1.3503
2.1573
-1.7072
0.4496
2.9044
2.6000
3.9307
5.1031
0.2245
-0.0335
3.0000
0.5046
1.3333
2.5422
4.6907
4.0000
-2.1636
1.4189
4.6907
-1.1097
3.0000
3.6667
0.9924
3.7390
5.1031
1.8000
5.5217
5.1031
-0.4436
3.1331
3.0000
4.3333
3.9307
1.7782
11.9665
4.0000
4.8387
2.1030
4.0000
4.3333
1.4098
