11.9665
1.7662
1.8000
5.5217
1.4154
3.4998
2.1725
2.5422
2.1030
11.9665
3.0000
4.6907
3.6667
6.0414
3.9979
1.6667
1.4000
4.8666
6.3640
6.5511
2.5271
6.5511
1.0633
2.2218
9.0177
1.2548
4.3333
5.1031
4.0000
3.4998
3.0000
5.1883
1.8028
1.7680
1.7662
5.0000
1.0935
9.0177
-0.6614
1.0628
1.0000
1.4330
3.1331
5.1031
6.0000
2.2218
1.6789
9.0177
1.9614
1.0071
0.0000
1.4330
6.5511
1.3106
0.3239
3.5887
4.0000
8.0814
5.5217
3.3674
9.0177
6.0000
0.6000
6.5511
0.8954
2.9948
5.1883
6.5511
31.6449
0.0000
5.0000
0.0000
1.5275
4.0953
7.7363
2.2218
1.6667
2.1725
0.9654
5.9710
1.8028
0.0000
3.0000
0.0000
3.9307
-1.4511
2.2218
3.4998
5.5217
2.8607
9.0177
1.3333
4.4163
3.0000
3.9590
1.6789
1.3333
0.0000
2.2000
-1.9308
-0.5990
4.6794
-1.5714
3.0000
3.3674
2.7972
11.9665
11.9665
4.0953
4.6794
5.1031
11.9665
6.5511
9.0177
2.4995
1.7235
1.0278
9.0177
5.5217
1.5926
2.3953
0.0000
7.2581
9.2932
