1.8000
1.5000
0.0000
6.3131
18.9537
9.0177
4.0000
3.5887
7.3065
5.0000
4.8666
15.2947
2.8076
15.2947
0.0000
4.6907
0.5147
6.5511
6.5511
4.8666
2.3953
7.2581
9.0177
5.0000
5.0000
1.4330
10.0610
5.1031
6.5511
5.0000
5.1031
5.1883
1.1180
2.2000
0.0000
4.0000
1.3333
3.6667
2.2461
6.5511
6.8945
0.6667
2.6774
3.0000
4.2352
2.8607
0.2727
5.0000
5.7185
3.2632
3.0000
5.1031
6.5511
6.8945
3.9979
0.0000
0.0000
2.1725
9.0177
4.8666
5.1031
7.2581
1.6316
6.0000
2.2218
8.1555
11.9665
4.8666
0.2661
3.0000
4.3333
0.0000
-0.3655
3.9979
6.2529
1.9614
2.0000
2.7221
-0.7748
5.0000
6.2529
-0.8174
2.3333
1.2399
4.0953
1.4000
-0.3501
2.3333
2.9044
6.0414
9.0177
2.9044
1.3333
3.0000
1.0633
2.1573
3.4998
5.9710
2.6774
-3.4541
-0.5331
10.0610
0.5615
0.0000
3.3674
6.3640
9.0177
9.0177
4.3352
4.6794
9.0177
0.6936
1.7135
0.0000
8.1555
3.0792
3.9253
9.0177
3.4998
4.4244
6.7835
4.6907
7.2581
2.1030
