0.6667
0.0000
2.2000
-1.9698
-2.2500
3.4998
-1.6478
-0.0387
0.2245
3.5000
4.2352
4.0953
1.9614
2.2921
3.1331
-0.9728
-2.3906
4.3333
3.9979
5.0000
-0.7500
3.9979
1.8028
0.8954
4.6907
-1.1803
1.1180
4.0953
3.6667
1.3106
1.7662
0.8550
0.3333
-0.3124
2.2000
1.7662
-0.3501
2.3953
-1.6345
0.7101
-0.7003
-1.1016
-0.5716
2.4995
2.6774
2.6774
-0.3025
4.0953
-1.3787
-1.9250
3.0000
-0.8406
9.0177
0.4496
0.3239
1.9614
2.0000
0.3208
2.1525
2.3333
3.0000
4.2352
1.4000
5.0000
-1.7072
2.1525
2.8076
5.9710
-2.5779
2.2000
5.0000
2.4995
0.5147
0.6936
-0.3655
-0.4156
1.0000
-3.1096
-1.7280
2.6774
-0.3501
-2.3551
2.9948
0.3208
1.0278
-2.8028
-1.1097
1.1180
1.8000
3.3692
5.1031
0.2661
-2.2500
3.0000
-1.8571
-0.7003
0.2727
5.9710
2.1725
-3.4680
-2.2782
0.5864
-0.3655
3.0000
1.6667
-0.2873
8.1555
2.9948
-0.4156
5.5217
3.3674
0.9359
1.0000
2.4995
4.0953
2.8076
0.9359
5.5217
4.0000
5.3387
-1.1698
3.4998
3.6667
0.2245
