0.6667
0.0000
2.6774
-1.9698
-1.3787
3.8371
-1.6478
-0.1458
0.9874
3.5000
4.2352
2.8293
2.2218
3.0000
3.0000
0.0049
-2.3906
4.3333
3.9979
5.0000
-0.7500
3.9979
1.0000
1.7680
5.0000
-1.6478
1.0000
5.0000
5.1031
1.5000
1.7662
0.8550
1.0633
-0.3124
2.2000
3.4821
5.1883
2.3953
-0.3501
0.0049
-0.7003
-0.3124
-0.5716
2.4995
2.6774
0.6000
-1.0000
4.3333
-1.3787
0.4496
3.0000
-0.1429
9.0177
-0.0231
0.3239
1.9614
2.0000
-0.3501
2.1525
4.2352
3.0000
4.2352
1.7662
5.0000
-0.7720
2.1525
2.8607
0.0000
-1.6478
2.2000
5.0000
2.4995
1.0633
0.6936
0.3575
2.0000
1.6316
-3.1096
-1.1366
2.6774
0.0049
-2.3551
1.7135
0.3208
1.0278
-2.3906
-1.0390
1.7135
1.8000
3.3692
5.1031
0.9014
-1.3787
3.0000
-2.1859
-0.6667
1.0633
4.6907
4.0000
-3.8636
-0.2873
1.1180
-1.3787
3.0000
1.6667
-0.2873
7.2581
3.3674
-0.2000
5.5217
3.3674
-0.1458
0.8550
2.0000
4.3333
2.8076
0.9359
11.9665
4.0000
4.8387
-0.8657
2.5000
3.6667
1.4098
