0.6667
0.0000
2.2218
0.1425
-0.5716
3.8371
0.2356
1.0451
1.4098
4.0000
5.1031
3.2632
2.6774
4.3333
4.0000
1.7680
-3.0740
4.3333
4.5665
4.3333
-1.2500
3.4293
0.6667
0.7101
4.3333
-0.8406
3.0000
6.0000
4.2352
2.5000
2.6774
2.6774
1.0633
-0.0231
1.4000
6.8945
4.3352
2.3953
-0.9728
1.0628
0.3575
-0.6017
-0.0335
5.1031
2.2218
1.8000
-0.7500
3.6667
-0.5716
0.4496
3.0000
-0.1429
9.0177
-0.3124
0.6936
3.2632
4.0000
1.2068
5.5217
3.3674
2.5000
4.2352
0.8550
6.0000
0.0020
2.9948
2.8607
0.0000
0.5046
3.0000
4.3333
2.4995
0.6936
1.8028
1.7680
1.5000
3.3674
-1.4511
-1.4741
3.1331
1.0628
-2.1434
2.9044
1.6934
3.8516
-2.3906
-1.0390
1.1180
1.8000
2.8076
5.1031
0.2245
-0.0335
3.0000
-0.3025
0.6667
1.4330
4.6907
3.5000
-3.3779
0.1393
2.9044
-2.1859
3.0000
3.0000
0.9924
9.0177
5.9710
1.4000
4.6794
5.1031
-0.7413
1.7662
4.0000
3.0000
1.6846
0.0936
11.9665
3.0000
3.0792
2.1030
4.0000
3.6667
0.9874
