0.6667
0.0000
1.8000
0.1425
-1.0000
3.4998
0.2356
1.5181
0.2245
4.0000
5.1031
4.6907
1.9614
3.9979
3.1331
1.2068
-3.0740
4.3333
4.5665
4.3333
-1.2500
3.4293
1.4330
0.2727
4.0953
-0.8910
4.6907
4.0953
3.0000
2.2218
2.6774
2.6774
0.6667
-0.0231
1.4000
3.5887
0.2727
2.3953
-1.3367
1.0628
0.3575
-0.8174
-0.0335
5.1031
2.2218
2.6774
-0.8406
3.4998
-0.5716
-0.9772
3.0000
-0.5716
9.0177
0.1519
0.6936
3.2632
4.0000
1.3503
5.5217
2.3333
2.5000
4.2352
0.6000
6.0000
-1.7072
2.9948
2.8076
5.1031
-0.2560
3.0000
4.3333
2.4995
0.9359
1.8028
1.3503
1.4330
1.6667
-1.4511
-2.0677
3.1331
0.8954
-2.1434
3.8371
1.6934
3.8516
-2.8028
-1.3787
2.9044
1.8000
2.8076
5.1031
-0.3124
-0.5000
3.0000
0.1429
0.7101
0.5840
5.1031
1.8028
-3.2639
-1.5263
3.4293
-1.0518
3.0000
3.0000
0.9924
11.9665
6.3640
1.4330
4.6794
5.1031
0.0936
1.0000
4.2352
2.3089
1.6846
0.0936
5.5217
3.0000
4.4244
1.7782
4.6907
3.6667
0.2245
