11.9665
-0.0562
2.2000
2.1525
0.0049
3.4998
-0.0458
2.1725
1.2548
11.9665
3.0000
4.0953
4.3333
4.3352
4.5665
-0.3333
-0.2000
6.5511
4.6794
6.5511
0.8307
6.5511
1.8028
2.6774
9.0177
1.2548
4.3333
5.1031
5.0000
4.6907
2.5000
4.3352
1.0633
1.0628
2.6774
3.6667
0.6596
9.0177
-0.6614
0.0049
0.6000
1.4330
2.6774
2.4995
5.0000
1.3106
2.1030
9.0177
1.0935
-0.0223
0.0000
1.0633
6.5511
3.1331
0.6936
2.6774
2.0000
6.2529
2.1525
3.3674
9.0177
4.0000
1.4000
6.5511
0.8954
2.1525
6.8945
6.5511
28.9216
0.0000
6.0000
0.0000
1.5275
3.4998
6.7835
-0.0562
1.0000
0.6936
0.3303
5.9710
1.4330
0.0000
3.0000
0.0000
1.6846
-1.6880
2.2218
1.1180
4.6794
3.9979
9.0177
1.6667
3.8516
3.0000
2.1994
-0.0175
0.3333
0.0000
2.6000
-2.4942
-1.2728
2.1525
-0.4286
3.0000
2.4995
0.9929
8.1555
10.0610
1.7135
5.5217
3.3674
11.9665
4.8666
7.2581
5.1031
2.8607
2.7221
9.0177
5.5217
1.0278
-0.2083
0.0000
7.2581
8.2999
