2.2000
3.0000
0.0000
3.3331
18.9537
9.0177
3.5000
2.2218
6.3131
4.3333
4.8666
15.2947
3.3692
13.2247
0.0000
2.9044
0.5147
6.5511
6.5511
6.5511
1.9614
7.2581
7.2581
4.0000
5.0000
0.6936
10.0610
5.1031
6.5511
1.0000
4.2352
3.4821
2.3089
3.0000
0.0000
2.5000
1.0000
3.6667
1.6846
6.5511
2.6290
1.0000
2.2218
3.0000
5.1031
0.5864
-0.3501
5.0000
6.5983
1.0935
3.0000
5.1031
6.5511
5.1883
3.9979
0.0000
0.0000
0.3239
3.7390
6.5511
5.1031
9.0177
1.6316
5.0000
2.6774
11.9665
11.9665
6.5511
-2.6268
2.2000
5.0000
0.0000
-1.0518
2.8607
4.4244
0.2256
4.0000
4.4163
-1.2073
4.0000
4.4244
-1.3859
2.3333
0.5629
2.9044
1.4000
0.2727
1.6667
2.9044
4.3352
9.0177
4.0953
-0.3333
3.0000
-0.4156
-0.1017
2.3089
5.9710
3.1331
-4.1050
-1.6702
10.0610
2.2461
0.0000
4.2352
5.5217
7.2581
3.7390
2.6290
5.5217
7.2581
1.8028
0.5225
0.0000
11.9665
4.8387
6.7835
9.0177
4.6907
3.5102
4.8780
2.3089
7.2581
1.2548
