0.0000
0.0000
0.0000
0.0000
9.0177
0.0000
0.0000
11.9665
5.8308
0.0000
0.0000
0.0000
9.0177
0.0000
7.2581
0.0000
2.9948
0.0000
9.0177
0.0000
0.0000
4.8666
0.0000
4.2352
0.0000
1.6316
3.7390
5.0000
0.0000
6.5511
0.0000
4.3352
10.0610
18.9537
0.0000
5.1031
0.0000
0.0000
10.0610
0.0000
10.0610
2.3089
0.0000
0.0000
0.0000
11.9665
11.9665
0.0000
9.0177
18.9537
0.0000
4.3333
0.0000
0.0000
6.0414
0.0000
0.0000
3.8371
3.7390
3.3674
5.1031
0.0000
0.0000
5.0000
6.5511
11.9665
2.9948
9.0177
0.0000
0.0000
6.5511
0.0000
0.8307
5.5217
7.7363
6.5511
1.6316
4.3352
1.3050
0.0000
0.6596
0.0000
6.5511
31.6449
13.2247
15.2947
11.1548
3.3674
11.9665
0.0000
0.0000
9.0177
0.0000
0.0000
-0.4416
0.5615
0.0000
5.9710
0.0000
-0.9359
0.9929
3.0000
6.2500
0.0000
4.2352
11.9665
6.5511
3.1820
0.0000
11.9665
7.2581
6.5511
3.7390
5.4986
5.5217
4.3352
27.1489
11.9665
5.9710
2.9948
22.0169
3.3674
7.2581
0.0000
