0.0000
0.0000
0.0000
0.0000
9.0177
0.0000
0.0000
11.9665
5.8308
0.0000
0.0000
0.0000
9.0177
0.0000
9.0177
0.0000
3.8371
0.0000
9.0177
0.0000
0.0000
6.5511
0.0000
5.1031
0.0000
2.4995
9.0177
5.0000
0.0000
6.5511
0.0000
5.1883
6.2500
18.9537
0.0000
5.1031
0.0000
0.0000
8.1555
0.0000
8.1555
2.9044
0.0000
0.0000
0.0000
11.9665
10.0610
0.0000
9.0177
16.7158
0.0000
4.3333
0.0000
0.0000
5.1883
0.0000
0.0000
6.3640
9.0177
2.4995
5.1031
0.0000
0.0000
6.0000
6.5511
8.1555
3.8371
9.0177
0.0000
0.0000
6.5511
0.0000
1.2548
5.5217
6.7835
3.1820
3.3674
6.8945
0.0693
0.0000
3.2632
0.0000
3.1820
31.6449
15.2947
13.2247
15.2947
1.6316
11.9665
0.0000
0.0000
7.2581
0.0000
0.0000
2.5271
2.2461
0.0000
5.9710
0.0000
0.0749
2.7972
5.0000
8.1555
0.0000
3.3674
11.9665
4.8666
6.5511
0.0000
11.9665
9.0177
6.5511
7.2581
7.2581
2.9948
2.6290
19.4509
11.9665
5.9710
2.9948
27.1489
5.1031
7.2581
0.0000
