0 0 0 0.01 0 0 0 0.00142857
0 0.02 0 0.02 0 0 0 0.00571429
0.01 0 0 0.06 0 0 0 0.01
0 0 0 0.05 0 0 0 0.00714286
0 0 0 0.04 0 0 0 0.00571429
0 0.01 0 0.06 0 0 0 0.01
0 0 0 0.05 0 0 0 0.00714286
0 0 0 0.02 0 0 0.06 0.0114286
0 0 0 0.06 0 0 0 0.00857143
0 0 0 0.05 0 0 0 0.00714286
0 0 0 0.02 0.05 0.02 0 0.0128571
0 0 0 0.02 0 0 0 0.00285714
0 0 0 0.02 0 0 0 0.00285714
0 0 0 0.06 0.05 0 0 0.0157143
0 0 0 1 0 0 0.08 0.154286
0 0 0.08 0.06 0 0.01 0 0.0214286
0 0 0 0.06 0 0.05 0 0.0157143
0 0.02 0.02 0.09 0 0 0.06 0.0271429
0 0 0.06 0.01 0 0 0.04 0.0157143
0 0.04 0 0 0 0 0 0.00571429
0 0 0 0.02 0.04 0 0.02 0.0114286
0.02 0 0.01 0.09 0 0 0 0.0171429
0 0.05 0 0.04 0 0 0.05 0.02
0.05 0.02 0 0.1 0 0.21 0 0.0542857
0 0 0 0.04 0.12 0 0 0.0228571
0 0.02 0 0.02 0 0 0 0.00571429
0 0 0 0.21 0 0 0 0.03
0 0 0 0.22 0 0 0 0.0314286
